0.001
101
0
101
0.011
101
0
101
0
101
0
101
0
101
0
101
0
101
0
101
0
101
0
101
0
101
0
101
0
101
0
101
0
101
0
101
0
101
0
101
0.008
101
0.007
101
0
101
0
100
0
100
0.006
100
0
100
0
100
0
100
0
100
0
100
0
100
0
100
0
100
0
100
0.006
100
0
100
0
100
0.008
100
0
100
0
100
0
100
0.008
101
0.008
101
0
101
0.006
101
0
101
0.008
101
0.008
101
0.008
101
0.007
101
0.008
101
0.008
101
0
101
0.006
101
0
101
0
101
0
85
0
85
0.008
85
0
85
0
85
0.007
85
0.004
85
0
85
0
85
0
85
0.008
85
0
85
0.007
85
0
85
0
85
0.002
85
0
85
0
101
0.007
101
0
101
0
101
0.008
101
0
101
0
101
0
101
0.008
101
0
101
0
101
0.007
101
0
101
0
101
0.008
101
0
100
0
100
0
100
0.002
100
0
100
0
100
0
100
0
100
0
100
0.008
100
0
100
