0
36
0.002
36
0
36
0
36
0
36
0
36
0
36
0
36
0
36
0
36
0
36
0
36
0
36
0
36
0
36
0
36
0
36
0
36
0
36
0.001
36
0
36
0
36
0
36
0
47
0
47
0
47
0
47
0
47
0
47
0
47
0
47
0
47
0
47
0.007
47
0
47
0
47
0
47
0
47
0
47
0
47
0
47
0.008
47
0
47
0
47
0
47
0
47
0
47
0
47
0
47
0
47
0
47
0
47
0
47
0
47
0
47
0
47
0
47
0
20
0
20
0
20
0
20
0
20
0
20
0
20
0
20
0
20
0
20
0
20
0
20
0
20
0
20
0
20
0
20
0
20
0
33
0
33
0
33
0
33
0
33
0
33
0
33
0
33
0
33
0
33
0
33
0
33
0
33
0
33
0
33
0
38
0
38
0
38
0
38
0
38
0
38
0
38
0
38
0
38
0
38
0
38
